	0,5538	0,0509	0,5000	0,5167	0,5444	0,5833	0,6333
	0,6065	0,0818	0,5056	0,5444	0,5944	0,6667	0,7333
	0,6264	0,1016	0,5111	0,5500	0,6056	0,6722	0,7944
	0,6308	0,0978	0,5167	0,5556	0,6167	0,6889	0,7944
	0,6356	0,0970	0,5222	0,5667	0,6167	0,7167	0,7889
	0,6459	0,0991	0,5222	0,5722	0,6333	0,7222	0,7944
	0,6396	0,1002	0,5222	0,5611	0,6222	0,7167	0,7944
	0,6511	0,1017	0,5222	0,5722	0,6444	0,7278	0,8056
	0,6466	0,1007	0,5278	0,5778	0,6278	0,7167	0,8000
	0,6448	0,1093	0,5222	0,5667	0,6167	0,7111	0,8278
	0,6517	0,1011	0,5278	0,5778	0,6389	0,7111	0,8056
	0,6594	0,1113	0,5222	0,5778	0,6389	0,7389	0,8333
	0,6608	0,1161	0,5222	0,5722	0,6389	0,7389	0,8389
	0,6543	0,1050	0,5167	0,5722	0,6500	0,7389	0,8111
	0,6660	0,1182	0,5222	0,5722	0,6500	0,7556	0,8444
	0,6653	0,1130	0,5278	0,5778	0,6556	0,7500	0,8333
	0,6628	0,1145	0,5278	0,5778	0,6389	0,7667	0,8444
	0,6762	0,1275	0,5278	0,5889	0,6389	0,7778	0,8778
	0,6687	0,1176	0,5333	0,5833	0,6444	0,7556	0,8444
	0,6556	0,1064	0,5278	0,5722	0,6389	0,7333	0,8167
	0,6651	0,1176	0,5278	0,5778	0,6389	0,7556	0,8556
	0,6633	0,1187	0,5222	0,5778	0,6389	0,7444	0,8444
	0,6694	0,1157	0,5278	0,5833	0,6444	0,7556	0,8500
	0,6603	0,1113	0,5278	0,5722	0,6389	0,7556	0,8222
	0,6691	0,1185	0,5333	0,5722	0,6556	0,7611	0,8444
	0,6712	0,1104	0,5333	0,5889	0,6500	0,7556	0,8333
	0,6682	0,1102	0,5167	0,5889	0,6556	0,7556	0,8278
	0,6703	0,1186	0,5222	0,5778	0,6444	0,7667	0,8500
	0,6649	0,1099	0,5333	0,5833	0,6444	0,7444	0,8333
	0,6604	0,1035	0,5222	0,5778	0,6556	0,7444	0,8056
	0,6678	0,1121	0,5333	0,5889	0,6611	0,7333	0,8444
	0,6694	0,1190	0,5278	0,5833	0,6500	0,7611	0,8500
	0,6717	0,1211	0,5278	0,5778	0,6500	0,7722	0,8611
	0,6694	0,1099	0,5389	0,5833	0,6556	0,7556	0,8389
	0,6573	0,1046	0,5278	0,5722	0,6500	0,7278	0,8167
	0,6699	0,1182	0,5333	0,5833	0,6444	0,7611	0,8500
	0,6625	0,1158	0,5278	0,5722	0,6389	0,7389	0,8444
	0,6665	0,1138	0,5278	0,5722	0,6556	0,7500	0,8389
	0,6597	0,1109	0,5278	0,5722	0,6389	0,7444	0,8333
	0,6672	0,1091	0,5333	0,5833	0,6611	0,7500	0,8278
	0,6716	0,1158	0,5333	0,5889	0,6500	0,7556	0,8556
	0,6722	0,1199	0,5389	0,5833	0,6389	0,7667	0,8611
	0,6571	0,1008	0,5389	0,5778	0,6389	0,7389	0,8056
	0,6630	0,1165	0,5278	0,5778	0,6333	0,7444	0,8500
	0,6564	0,0966	0,5389	0,5889	0,6389	0,7278	0,8056
	0,6717	0,1131	0,5389	0,5889	0,6500	0,7611	0,8444
	0,6698	0,1110	0,5333	0,5889	0,6556	0,7556	0,8333
	0,6711	0,1111	0,5333	0,5889	0,6556	0,7611	0,8333
	0,6589	0,1092	0,5333	0,5778	0,6333	0,7444	0,8278
	0,6701	0,1099	0,5389	0,5833	0,6667	0,7500	0,8222
	0,6723	0,1175	0,5333	0,5833	0,6500	0,7611	0,8556
	0,6584	0,1014	0,5333	0,5833	0,6500	0,7333	0,8056
	0,6578	0,1036	0,5333	0,5833	0,6389	0,7389	0,8167
	0,6694	0,1155	0,5278	0,5778	0,6556	0,7556	0,8444
	0,6737	0,1237	0,5333	0,5778	0,6444	0,7722	0,8667
	0,6700	0,1158	0,5333	0,5833	0,6444	0,7667	0,8500
	0,6704	0,1187	0,5278	0,5778	0,6444	0,7611	0,8500
	0,6729	0,1200	0,5389	0,5833	0,6444	0,7722	0,8611
	0,6663	0,1091	0,5333	0,5889	0,6500	0,7444	0,8333
	0,6674	0,1128	0,5333	0,5778	0,6556	0,7444	0,8389
	0,6657	0,1098	0,5389	0,5833	0,6444	0,7500	0,8333
	0,6673	0,1214	0,5222	0,5833	0,6389	0,7667	0,8556
	0,6695	0,1145	0,5389	0,5833	0,6389	0,7500	0,8500
	0,6638	0,1125	0,5333	0,5778	0,6444	0,7556	0,8389
	0,6639	0,1090	0,5333	0,5833	0,6444	0,7500	0,8333
	0,6696	0,1084	0,5444	0,5889	0,6500	0,7556	0,8278
	0,6669	0,1064	0,5444	0,5889	0,6500	0,7389	0,8333
	0,6508	0,1027	0,5278	0,5722	0,6389	0,7167	0,8056
	0,6759	0,1175	0,5278	0,5778	0,6667	0,7667	0,8500
	0,6705	0,1070	0,5389	0,5889	0,6556	0,7556	0,8167
	0,6573	0,1060	0,5333	0,5833	0,6389	0,7278	0,8222
	0,6642	0,1043	0,5333	0,5833	0,6556	0,7500	0,8111
	0,6649	0,1065	0,5333	0,5889	0,6500	0,7500	0,8222
	0,6685	0,1067	0,5444	0,5889	0,6444	0,7444	0,8389
	0,6610	0,1044	0,5333	0,5833	0,6444	0,7389	0,8111
	0,6638	0,1121	0,5222	0,5889	0,6389	0,7556	0,8333
	0,6715	0,1177	0,5278	0,5889	0,6444	0,7722	0,8500
	0,6630	0,1096	0,5278	0,5833	0,6389	0,7444	0,8333
	0,6652	0,1042	0,5278	0,5833	0,6611	0,7500	0,8056
	0,6681	0,1137	0,5444	0,5889	0,6333	0,7500	0,8444
	0,6667	0,1077	0,5333	0,5944	0,6500	0,7556	0,8333
	0,6677	0,1041	0,5389	0,5944	0,6556	0,7333	0,8222
	0,6657	0,1071	0,5333	0,5889	0,6444	0,7500	0,8222
	0,6768	0,1258	0,5278	0,5778	0,6556	0,7833	0,8667
	0,6608	0,1074	0,5278	0,5833	0,6389	0,7389	0,8278
	0,6633	0,1055	0,5444	0,5889	0,6444	0,7389	0,8278
	0,6657	0,1086	0,5278	0,5833	0,6500	0,7444	0,8278
	0,6698	0,1148	0,5333	0,5833	0,6444	0,7667	0,8389
	0,6678	0,1199	0,5222	0,5778	0,6389	0,7611	0,8556
	0,6627	0,1146	0,5278	0,5833	0,6389	0,7556	0,8444
	0,6594	0,1032	0,5333	0,5778	0,6556	0,7389	0,8111
	0,6832	0,1254	0,5278	0,5833	0,6611	0,7889	0,8611
	0,6587	0,1083	0,5333	0,5778	0,6389	0,7444	0,8222
	0,6623	0,1063	0,5333	0,5833	0,6500	0,7500	0,8167
	0,6718	0,1127	0,5389	0,5889	0,6444	0,7722	0,8444
	0,6630	0,1063	0,5278	0,5833	0,6500	0,7444	0,8167
	0,6701	0,1147	0,5389	0,5778	0,6500	0,7667	0,8444
	0,6649	0,1151	0,5278	0,5778	0,6444	0,7556	0,8333
	0,6737	0,1180	0,5278	0,5833	0,6556	0,7722	0,8444
	0,6650	0,1114	0,5333	0,5833	0,6444	0,7444	0,8333
	0,6650	0,1117	0,5333	0,5833	0,6389	0,7500	0,8389
	0,6714	0,1193	0,5389	0,5833	0,6444	0,7667	0,8556
	0,6639	0,1079	0,5333	0,5889	0,6500	0,7444	0,8222
	0,6684	0,1150	0,5333	0,5833	0,6389	0,7556	0,8500
	0,6678	0,1073	0,5333	0,5889	0,6556	0,7500	0,8222
	0,6702	0,1152	0,5278	0,5833	0,6444	0,7611	0,8333
	0,6615	0,1023	0,5444	0,5889	0,6389	0,7278	0,8222
	0,6782	0,1174	0,5389	0,5889	0,6500	0,7944	0,8500
	0,6667	0,1155	0,5222	0,5833	0,6389	0,7611	0,8444
	0,6742	0,1157	0,5389	0,5778	0,6667	0,7667	0,8500
	0,6686	0,1145	0,5333	0,5833	0,6444	0,7611	0,8389
	0,6606	0,1058	0,5389	0,5833	0,6444	0,7333	0,8167
	0,6603	0,1138	0,5278	0,5778	0,6333	0,7500	0,8389
	0,6698	0,1202	0,5389	0,5778	0,6389	0,7722	0,8556
	0,6667	0,1110	0,5333	0,5778	0,6556	0,7500	0,8333
	0,6565	0,1030	0,5333	0,5778	0,6444	0,7333	0,8111
	0,6601	0,1042	0,5333	0,5833	0,6500	0,7278	0,8111
	0,6698	0,1189	0,5389	0,5778	0,6500	0,7667	0,8500
	0,6760	0,1160	0,5333	0,5833	0,6611	0,7722	0,8389
	0,6744	0,1138	0,5389	0,5833	0,6556	0,7778	0,8389
	0,6672	0,1088	0,5389	0,5833	0,6556	0,7500	0,8278
	0,6704	0,1216	0,5333	0,5833	0,6333	0,7722	0,8500
	0,6634	0,1103	0,5278	0,5833	0,6500	0,7389	0,8333
	0,6668	0,1062	0,5444	0,5833	0,6500	0,7444	0,8278
	0,6666	0,1033	0,5333	0,5944	0,6500	0,7444	0,8167
	0,6626	0,1023	0,5278	0,5833	0,6556	0,7444	0,8056
	0,6676	0,1117	0,5278	0,5833	0,6500	0,7611	0,8278
	0,6627	0,1124	0,5278	0,5778	0,6500	0,7444	0,8389
	0,6627	0,1088	0,5333	0,5833	0,6500	0,7389	0,8222
	0,6652	0,1085	0,5389	0,5833	0,6444	0,7444	0,8333
	0,6712	0,1153	0,5389	0,5833	0,6444	0,7722	0,8500
	0,6626	0,1092	0,5333	0,5833	0,6444	0,7500	0,8278
	0,6776	0,1207	0,5278	0,5833	0,6667	0,7667	0,8500
	0,6637	0,1039	0,5389	0,5833	0,6444	0,7500	0,8167
	0,6642	0,1159	0,5278	0,5778	0,6389	0,7444	0,8556
	0,6584	0,1075	0,5278	0,5778	0,6500	0,7444	0,8167
	0,6587	0,1007	0,5389	0,5833	0,6389	0,7278	0,8111
	0,6681	0,1113	0,5333	0,5833	0,6556	0,7444	0,8389
	0,6712	0,1117	0,5333	0,5833	0,6611	0,7611	0,8278
	0,6646	0,1075	0,5278	0,5889	0,6500	0,7500	0,8278
	0,6646	0,1048	0,5444	0,5944	0,6444	0,7333	0,8333
	0,6645	0,1128	0,5333	0,5778	0,6444	0,7611	0,8333
	0,6788	0,1179	0,5389	0,5944	0,6500	0,7889	0,8556
	0,6624	0,1132	0,5278	0,5778	0,6444	0,7500	0,8389
	0,6591	0,1081	0,5333	0,5778	0,6333	0,7444	0,8278
	0,6660	0,1132	0,5333	0,5778	0,6444	0,7556	0,8389
	0,6661	0,1142	0,5333	0,5833	0,6389	0,7556	0,8389
	0,6632	0,1030	0,5333	0,5889	0,6389	0,7444	0,8167
	0,6628	0,1106	0,5333	0,5778	0,6389	0,7444	0,8278
	0,6689	0,1104	0,5389	0,5833	0,6500	0,7389	0,8444
	0,6732	0,1249	0,5333	0,5778	0,6389	0,7833	0,8611
	0,6723	0,1221	0,5389	0,5889	0,6333	0,7722	0,8556
	0,6696	0,1153	0,5278	0,5778	0,6611	0,7500	0,8444
	0,6673	0,1135	0,5333	0,5833	0,6389	0,7611	0,8333
	0,6669	0,1062	0,5389	0,5889	0,6500	0,7500	0,8278
	0,6615	0,1074	0,5333	0,5833	0,6500	0,7500	0,8222
	0,6672	0,1130	0,5333	0,5778	0,6500	0,7500	0,8444
	0,6671	0,1118	0,5278	0,5778	0,6556	0,7556	0,8278
	0,6626	0,1099	0,5333	0,5778	0,6444	0,7500	0,8278
	0,6570	0,1019	0,5389	0,5833	0,6389	0,7278	0,8167
	0,6714	0,1117	0,5333	0,5833	0,6556	0,7611	0,8333
	0,6688	0,1121	0,5389	0,5889	0,6500	0,7611	0,8278
	0,6670	0,1024	0,5278	0,5889	0,6611	0,7444	0,8056
	0,6651	0,1162	0,5278	0,5778	0,6389	0,7667	0,8389
	0,6642	0,1108	0,5333	0,5833	0,6444	0,7444	0,8333
	0,6691	0,1204	0,5333	0,5778	0,6389	0,7722	0,8500
	0,6664	0,1154	0,5333	0,5778	0,6389	0,7611	0,8444
	0,6679	0,1074	0,5333	0,5778	0,6667	0,7500	0,8222
	0,6634	0,1051	0,5389	0,5778	0,6556	0,7389	0,8167
	0,6693	0,1130	0,5278	0,5833	0,6500	0,7667	0,8333
	0,6608	0,0994	0,5333	0,5889	0,6500	0,7389	0,8056
	0,6612	0,1085	0,5333	0,5833	0,6389	0,7444	0,8278
	0,6704	0,1164	0,5333	0,5833	0,6389	0,7778	0,8500
	0,6778	0,1246	0,5278	0,5778	0,6556	0,7944	0,8667
	0,6678	0,1154	0,5333	0,5833	0,6389	0,7611	0,8389
	0,6710	0,1146	0,5278	0,5833	0,6500	0,7667	0,8389
	0,6710	0,1113	0,5389	0,5833	0,6611	0,7611	0,8333
	0,6789	0,1173	0,5389	0,5889	0,6556	0,7833	0,8556
	0,6752	0,1216	0,5333	0,5778	0,6556	0,7833	0,8556
	0,6792	0,1222	0,5278	0,5889	0,6556	0,7778	0,8611
	0,6620	0,1039	0,5389	0,5889	0,6444	0,7389	0,8222
	0,6528	0,1012	0,5278	0,5778	0,6389	0,7333	0,8056
	0,6646	0,1144	0,5333	0,5833	0,6389	0,7556	0,8389
	0,6634	0,1026	0,5333	0,5889	0,6500	0,7444	0,8111
	0,6615	0,1070	0,5389	0,5833	0,6389	0,7389	0,8278
	0,6630	0,1106	0,5500	0,5833	0,6333	0,7333	0,8500
	0,6697	0,1150	0,5333	0,5778	0,6500	0,7556	0,8389
	0,6694	0,1148	0,5389	0,5778	0,6444	0,7667	0,8389
	0,6710	0,1113	0,5333	0,5889	0,6611	0,7444	0,8333
	0,6720	0,1148	0,5278	0,5889	0,6556	0,7611	0,8444
	0,6686	0,1185	0,5333	0,5778	0,6389	0,7611	0,8500
	0,6616	0,1010	0,5389	0,5833	0,6500	0,7389	0,8111
	0,6631	0,1153	0,5278	0,5833	0,6333	0,7556	0,8444
	0,6598	0,1102	0,5333	0,5778	0,6389	0,7444	0,8333
	0,6620	0,1072	0,5278	0,5722	0,6500	0,7444	0,8167
	0,6610	0,1071	0,5278	0,5778	0,6500	0,7389	0,8222
	0,6693	0,1160	0,5278	0,5778	0,6500	0,7556	0,8444
	0,6650	0,1156	0,5222	0,5722	0,6444	0,7556	0,8444
	0,6623	0,1120	0,5333	0,5778	0,6389	0,7500	0,8278
	0,6686	0,1104	0,5389	0,5833	0,6556	0,7556	0,8278
	0,6685	0,1149	0,5333	0,5833	0,6500	0,7556	0,8556
	0,6669	0,1115	0,5278	0,5778	0,6556	0,7556	0,8278
	0,6730	0,1100	0,5389	0,5944	0,6556	0,7667	0,8278
	0,6706	0,1153	0,5389	0,5944	0,6389	0,7611	0,8500
	0,6689	0,1089	0,5444	0,5833	0,6500	0,7500	0,8333
	0,6624	0,1043	0,5333	0,5833	0,6556	0,7333	0,8167
	0,6582	0,0984	0,5389	0,5833	0,6500	0,7333	0,8056
	0,6748	0,1217	0,5389	0,5778	0,6500	0,7722	0,8667
	0,6708	0,1058	0,5333	0,5833	0,6667	0,7611	0,8167
	0,6689	0,1077	0,5389	0,5889	0,6500	0,7500	0,8333
	0,6643	0,1069	0,5333	0,5778	0,6500	0,7500	0,8222
	0,6565	0,1014	0,5389	0,5778	0,6333	0,7389	0,8111
	0,6617	0,1048	0,5389	0,5889	0,6389	0,7389	0,8222
	0,6642	0,1084	0,5278	0,5833	0,6444	0,7389	0,8278
	0,6597	0,1111	0,5278	0,5778	0,6333	0,7500	0,8278
	0,6691	0,1182	0,5278	0,5778	0,6556	0,7611	0,8444
	0,6651	0,1123	0,5389	0,5778	0,6500	0,7500	0,8389
	0,6635	0,1102	0,5278	0,5833	0,6444	0,7444	0,8333
	0,6685	0,1104	0,5389	0,5889	0,6500	0,7500	0,8333
	0,6575	0,1052	0,5333	0,5778	0,6389	0,7389	0,8222
	0,6636	0,1067	0,5278	0,5778	0,6611	0,7389	0,8167
	0,6718	0,1099	0,5500	0,5889	0,6500	0,7556	0,8389
	0,6669	0,1114	0,5333	0,5833	0,6500	0,7500	0,8333
	0,6672	0,1183	0,5333	0,5778	0,6333	0,7667	0,8444
	0,6650	0,1145	0,5333	0,5778	0,6444	0,7500	0,8444
	0,6665	0,1091	0,5389	0,5889	0,6500	0,7389	0,8389
	0,6642	0,1086	0,5333	0,5833	0,6500	0,7556	0,8278
	0,6703	0,1196	0,5333	0,5778	0,6389	0,7722	0,8611
	0,6644	0,1134	0,5278	0,5778	0,6389	0,7556	0,8333
	0,6596	0,1052	0,5389	0,5778	0,6389	0,7389	0,8167
	0,6596	0,1043	0,5333	0,5778	0,6444	0,7389	0,8056
	0,6738	0,1194	0,5333	0,5833	0,6556	0,7722	0,8556
	0,6666	0,1071	0,5333	0,5833	0,6500	0,7556	0,8111
	0,6623	0,1086	0,5278	0,5778	0,6389	0,7556	0,8167
	0,6700	0,1134	0,5333	0,5833	0,6611	0,7500	0,8222
	0,6621	0,1175	0,5222	0,5778	0,6389	0,7556	0,8500
	0,6668	0,1088	0,5333	0,5833	0,6389	0,7500	0,8278
	0,6638	0,1111	0,5278	0,5778	0,6500	0,7611	0,8278
	0,6590	0,1041	0,5333	0,5833	0,6389	0,7333	0,8167
	0,6697	0,1186	0,5222	0,5778	0,6444	0,7667	0,8500
	0,6703	0,1176	0,5278	0,5778	0,6500	0,7556	0,8444
	0,6679	0,1186	0,5333	0,5833	0,6389	0,7667	0,8556
	0,6598	0,1073	0,5278	0,5778	0,6389	0,7389	0,8222
	0,6689	0,1115	0,5389	0,5833	0,6500	0,7611	0,8389
	0,6616	0,0987	0,5444	0,5889	0,6444	0,7389	0,8056
	0,6768	0,1115	0,5389	0,5889	0,6722	0,7722	0,8389
	0,6589	0,1097	0,5333	0,5778	0,6333	0,7389	0,8278
	0,6600	0,1021	0,5389	0,5833	0,6444	0,7444	0,8111
	0,6686	0,1105	0,5444	0,5833	0,6500	0,7556	0,8389
	0,6708	0,1128	0,5389	0,5833	0,6500	0,7667	0,8444
	0,6620	0,1065	0,5389	0,5889	0,6444	0,7444	0,8278
	0,6637	0,1043	0,5333	0,5889	0,6500	0,7444	0,8056
	0,6671	0,1030	0,5333	0,5889	0,6556	0,7444	0,8167
	0,6529	0,0981	0,5333	0,5778	0,6389	0,7222	0,8056
	0,6602	0,1015	0,5278	0,5833	0,6500	0,7333	0,8167
	0,6752	0,1159	0,5389	0,5889	0,6500	0,7556	0,8500
	0,6615	0,1162	0,5278	0,5778	0,6333	0,7611	0,8444
	0,6675	0,1151	0,5278	0,5778	0,6500	0,7556	0,8389
	0,6730	0,1156	0,5333	0,5833	0,6556	0,7667	0,8444
	0,6574	0,1075	0,5333	0,5667	0,6444	0,7389	0,8111
	0,6648	0,1066	0,5389	0,5833	0,6500	0,7556	0,8167
	0,6629	0,1113	0,5278	0,5778	0,6500	0,7500	0,8278
	0,6600	0,1064	0,5333	0,5833	0,6389	0,7444	0,8222
	0,6643	0,1071	0,5333	0,5778	0,6556	0,7444	0,8222
	0,6733	0,1158	0,5278	0,5833	0,6611	0,7722	0,8333
	0,6686	0,1124	0,5333	0,5833	0,6500	0,7611	0,8333
	0,6625	0,1062	0,5333	0,5778	0,6500	0,7500	0,8111
	0,6670	0,1140	0,5278	0,5889	0,6444	0,7500	0,8500
	0,6722	0,1131	0,5333	0,5889	0,6556	0,7667	0,8389
	0,6778	0,1235	0,5389	0,5833	0,6444	0,7833	0,8722
	0,6693	0,1088	0,5389	0,5889	0,6500	0,7444	0,8333
	0,6708	0,1128	0,5333	0,5778	0,6611	0,7556	0,8389
	0,6813	0,1239	0,5222	0,5889	0,6611	0,7833	0,8778
	0,6683	0,1063	0,5278	0,5889	0,6556	0,7611	0,8222
	0,6597	0,1040	0,5389	0,5778	0,6444	0,7556	0,8056
	0,6710	0,1120	0,5278	0,5833	0,6611	0,7500	0,8389
	0,6706	0,1091	0,5278	0,5889	0,6667	0,7500	0,8333
	0,6585	0,1035	0,5333	0,5833	0,6444	0,7389	0,8111
	0,6605	0,1043	0,5278	0,5778	0,6500	0,7333	0,8111
	0,6626	0,1019	0,5500	0,5944	0,6444	0,7278	0,8222
	0,6694	0,1129	0,5333	0,5778	0,6556	0,7667	0,8333
	0,6704	0,1175	0,5278	0,5778	0,6556	0,7667	0,8389
	0,6693	0,1121	0,5333	0,5889	0,6500	0,7556	0,8333
	0,6632	0,1023	0,5333	0,5944	0,6500	0,7333	0,8167
	0,6677	0,1113	0,5278	0,5778	0,6556	0,7500	0,8333
	0,6639	0,1015	0,5444	0,5889	0,6444	0,7389	0,8167
	0,6618	0,1097	0,5333	0,5778	0,6389	0,7500	0,8278
	0,6743	0,1114	0,5333	0,5833	0,6611	0,7722	0,8333
	0,6716	0,1178	0,5389	0,5833	0,6389	0,7722	0,8444
	0,6604	0,1063	0,5389	0,5889	0,6389	0,7278	0,8222
	0,6595	0,1026	0,5333	0,5833	0,6389	0,7389	0,8056
	0,6656	0,1197	0,5333	0,5833	0,6278	0,7556	0,8611
	0,6802	0,1221	0,5389	0,5833	0,6556	0,7833	0,8556
	0,6691	0,1144	0,5333	0,5833	0,6500	0,7500	0,8444
	0,6584	0,1015	0,5278	0,5833	0,6500	0,7389	0,8000
	0,6689	0,1103	0,5333	0,5833	0,6611	0,7556	0,8333
	0,5002	0,0172	0,4778	0,4889	0,5000	0,5111	0,5222
	0,6694	0,1081	0,5389	0,5889	0,6556	0,7500	0,8278
	0,6680	0,1164	0,5278	0,5833	0,6500	0,7611	0,8444
	0,6612	0,0975	0,5389	0,5889	0,6556	0,7333	0,8056
	0,6595	0,1032	0,5333	0,5778	0,6389	0,7389	0,8111
	0,4999	0,0185	0,4778	0,4889	0,5000	0,5111	0,5278
	0,4993	0,0162	0,4778	0,4889	0,5000	0,5111	0,5222
	0,6642	0,1114	0,5333	0,5778	0,6444	0,7444	0,8278
	0,6628	0,1076	0,5333	0,5833	0,6500	0,7333	0,8278
	0,5000	0,0158	0,4778	0,4889	0,5000	0,5111	0,5222
	0,5000	0,0153	0,4778	0,4889	0,5000	0,5111	0,5222
	0,6652	0,1123	0,5278	0,5778	0,6500	0,7500	0,8389
	0,4997	0,0164	0,4778	0,4889	0,5000	0,5111	0,5222
	0,5002	0,0167	0,4778	0,4889	0,5000	0,5111	0,5222
	0,4993	0,0153	0,4778	0,4889	0,5000	0,5111	0,5222
	0,4997	0,0163	0,4778	0,4889	0,5000	0,5111	0,5222
	0,4996	0,0168	0,4778	0,4889	0,5000	0,5111	0,5222
	0,6661	0,1129	0,5278	0,5889	0,6500	0,7556	0,8389
	0,6679	0,1136	0,5278	0,5889	0,6444	0,7611	0,8444
	0,4995	0,0155	0,4778	0,4889	0,5000	0,5111	0,5167
	0,5006	0,0162	0,4778	0,4889	0,5000	0,5111	0,5222
	0,5010	0,0203	0,4778	0,4889	0,5000	0,5111	0,5278
	0,4996	0,0137	0,4833	0,4889	0,5000	0,5111	0,5167
	0,6687	0,1130	0,5278	0,5889	0,6500	0,7667	0,8333
	0,4999	0,0163	0,4778	0,4889	0,5000	0,5111	0,5222
	0,4994	0,0161	0,4778	0,4889	0,5000	0,5111	0,5222
	0,5002	0,0172	0,4778	0,4889	0,5000	0,5111	0,5222
	0,5002	0,0168	0,4778	0,4889	0,5000	0,5111	0,5222
	0,4991	0,0154	0,4778	0,4889	0,5000	0,5111	0,5222
	0,6712	0,1216	0,5333	0,5722	0,6444	0,7722	0,8611
	0,5004	0,0168	0,4778	0,4889	0,5000	0,5111	0,5222
	0,5001	0,0161	0,4778	0,4889	0,5000	0,5111	0,5222
	0,5002	0,0162	0,4778	0,4889	0,5000	0,5111	0,5222
	0,4993	0,0151	0,4778	0,4889	0,5000	0,5111	0,5167
	0,4996	0,0155	0,4778	0,4889	0,5000	0,5111	0,5222
	0,4998	0,0156	0,4833	0,4889	0,5000	0,5111	0,5222
	0,4996	0,0166	0,4778	0,4889	0,5000	0,5111	0,5222
	0,5012	0,0189	0,4778	0,4889	0,5000	0,5111	0,5222
	0,5003	0,0161	0,4778	0,4889	0,5000	0,5111	0,5222
	0,5001	0,0168	0,4778	0,4889	0,5000	0,5111	0,5222
	0,4993	0,0162	0,4778	0,4889	0,5000	0,5111	0,5222
	0,5004	0,0186	0,4778	0,4889	0,5000	0,5111	0,5222
	0,4998	0,0165	0,4778	0,4889	0,5000	0,5111	0,5222
	0,5002	0,0160	0,4778	0,4889	0,5000	0,5111	0,5167
	0,5002	0,0163	0,4778	0,4889	0,5000	0,5111	0,5222
	0,4999	0,0168	0,4778	0,4889	0,5000	0,5111	0,5222
	0,5012	0,0168	0,4778	0,4889	0,5000	0,5111	0,5222
	0,6692	0,1147	0,5278	0,5778	0,6500	0,7556	0,8500
	0,5001	0,0169	0,4778	0,4889	0,5000	0,5111	0,5222
	0,4993	0,0155	0,4778	0,4889	0,5000	0,5111	0,5167
	0,4996	0,0157	0,4778	0,4889	0,5000	0,5111	0,5167
	0,5006	0,0163	0,4778	0,4889	0,5000	0,5111	0,5222
	0,5000	0,0159	0,4778	0,4889	0,5000	0,5111	0,5222
	0,4993	0,0151	0,4778	0,4889	0,5000	0,5111	0,5222
	0,4983	0,0134	0,4833	0,4889	0,5000	0,5056	0,5167
	0,4991	0,0146	0,4778	0,4889	0,5000	0,5056	0,5167
	0,4995	0,0161	0,4778	0,4889	0,5000	0,5111	0,5222
	0,5007	0,0182	0,4778	0,4889	0,5000	0,5111	0,5222
	0,5002	0,0169	0,4778	0,4889	0,5000	0,5111	0,5222
	0,5004	0,0168	0,4778	0,4889	0,5000	0,5111	0,5222
	0,5005	0,0167	0,4778	0,4889	0,5000	0,5111	0,5222
	0,4996	0,0160	0,4778	0,4889	0,5000	0,5111	0,5167
	0,5006	0,0172	0,4778	0,4889	0,5000	0,5111	0,5222
	0,4996	0,0155	0,4778	0,4889	0,5000	0,5111	0,5167
	0,4993	0,0160	0,4778	0,4889	0,5000	0,5111	0,5222
	0,4996	0,0168	0,4778	0,4889	0,5000	0,5111	0,5222
	0,5000	0,0159	0,4778	0,4889	0,5000	0,5111	0,5222
	0,4997	0,0169	0,4778	0,4889	0,5000	0,5111	0,5222
	0,5007	0,0174	0,4778	0,4889	0,5000	0,5111	0,5222
	0,5000	0,0162	0,4778	0,4889	0,5000	0,5111	0,5222
	0,4998	0,0170	0,4778	0,4889	0,5000	0,5111	0,5222
	0,5003	0,0169	0,4778	0,4889	0,5000	0,5111	0,5222
	0,4997	0,0160	0,4778	0,4889	0,5000	0,5111	0,5222
	0,4993	0,0151	0,4778	0,4889	0,5000	0,5111	0,5167
	0,5012	0,0177	0,4778	0,4889	0,5000	0,5111	0,5278
	0,4998	0,0165	0,4778	0,4889	0,5000	0,5111	0,5222
	0,5003	0,0183	0,4778	0,4889	0,5000	0,5111	0,5278
	0,5001	0,0167	0,4778	0,4889	0,5000	0,5111	0,5222
	0,5012	0,0189	0,4778	0,4889	0,5000	0,5111	0,5222
	0,4993	0,0157	0,4778	0,4889	0,5000	0,5111	0,5222
	0,4994	0,0164	0,4778	0,4889	0,5000	0,5111	0,5222
	0,5004	0,0165	0,4778	0,4889	0,5000	0,5111	0,5222
	0,4997	0,0170	0,4778	0,4889	0,5000	0,5111	0,5222
	0,4991	0,0154	0,4778	0,4889	0,5000	0,5111	0,5167
	0,4996	0,0172	0,4778	0,4889	0,5000	0,5111	0,5222
	0,5002	0,0169	0,4778	0,4889	0,5000	0,5111	0,5222
	0,4999	0,0163	0,4778	0,4889	0,5000	0,5111	0,5222
	0,5002	0,0158	0,4778	0,4889	0,5000	0,5111	0,5222
	0,5003	0,0165	0,4778	0,4889	0,5000	0,5111	0,5222
	0,5000	0,0169	0,4778	0,4889	0,5000	0,5111	0,5222
	0,5002	0,0171	0,4778	0,4889	0,5000	0,5111	0,5222
	0,4991	0,0162	0,4778	0,4889	0,5000	0,5111	0,5222
	0,4997	0,0155	0,4778	0,4889	0,5000	0,5111	0,5222
	0,5005	0,0184	0,4778	0,4889	0,5000	0,5111	0,5222
	0,5000	0,0175	0,4778	0,4889	0,5000	0,5111	0,5222
	0,5000	0,0159	0,4778	0,4889	0,5000	0,5111	0,5222
	0,4991	0,0157	0,4833	0,4889	0,5000	0,5111	0,5167
	0,4993	0,0162	0,4778	0,4889	0,5000	0,5111	0,5167
	0,5002	0,0167	0,4778	0,4889	0,5000	0,5111	0,5222
	0,5013	0,0172	0,4778	0,4889	0,5000	0,5111	0,5222
	0,5001	0,0161	0,4778	0,4889	0,5000	0,5111	0,5222
	0,4992	0,0139	0,4833	0,4889	0,5000	0,5111	0,5167
	0,5009	0,0162	0,4833	0,4889	0,5000	0,5111	0,5222
	0,4994	0,0164	0,4778	0,4889	0,5000	0,5111	0,5222
	0,5002	0,0172	0,4778	0,4889	0,5000	0,5111	0,5222
	0,5000	0,0158	0,4778	0,4889	0,5000	0,5111	0,5222
	0,5008	0,0170	0,4778	0,4889	0,5000	0,5111	0,5222
	0,5005	0,0179	0,4778	0,4889	0,5000	0,5111	0,5222
	0,4996	0,0173	0,4778	0,4889	0,5000	0,5111	0,5222
	0,4997	0,0156	0,4778	0,4889	0,5000	0,5111	0,5167
	0,5005	0,0178	0,4778	0,4889	0,5000	0,5111	0,5222
	0,4985	0,0146	0,4778	0,4889	0,5000	0,5056	0,5167
	0,4997	0,0158	0,4778	0,4889	0,5000	0,5111	0,5222
	0,5005	0,0177	0,4778	0,4889	0,5000	0,5111	0,5222
	0,4993	0,0151	0,4778	0,4889	0,5000	0,5111	0,5167
	0,5010	0,0186	0,4778	0,4889	0,5000	0,5111	0,5278
	0,4996	0,0170	0,4778	0,4889	0,5000	0,5111	0,5222
	0,5002	0,0166	0,4778	0,4889	0,5000	0,5111	0,5222
	0,5001	0,0166	0,4778	0,4889	0,5000	0,5111	0,5222
	0,4992	0,0152	0,4778	0,4889	0,5000	0,5111	0,5167
	0,5002	0,0163	0,4778	0,4889	0,5000	0,5111	0,5222
	0,5000	0,0159	0,4778	0,4889	0,5000	0,5111	0,5222
	0,5004	0,0167	0,4778	0,4889	0,5000	0,5111	0,5222
	0,4996	0,0171	0,4778	0,4889	0,5000	0,5111	0,5222
	0,5008	0,0173	0,4778	0,4889	0,5000	0,5111	0,5278
	0,4998	0,0161	0,4778	0,4889	0,5000	0,5111	0,5222
	0,4992	0,0152	0,4778	0,4889	0,5000	0,5111	0,5167
	0,5006	0,0173	0,4778	0,4889	0,5000	0,5111	0,5222
	0,5001	0,0177	0,4778	0,4889	0,5000	0,5111	0,5222
	0,4987	0,0135	0,4833	0,4889	0,5000	0,5056	0,5167
	0,4994	0,0150	0,4778	0,4889	0,5000	0,5111	0,5167
	0,4996	0,0161	0,4778	0,4889	0,5000	0,5111	0,5222
	0,4987	0,0152	0,4778	0,4889	0,5000	0,5111	0,5167
	0,4997	0,0148	0,4833	0,4889	0,5000	0,5111	0,5167
	0,4991	0,0153	0,4778	0,4889	0,5000	0,5111	0,5167
	0,5000	0,0168	0,4778	0,4889	0,5000	0,5111	0,5222
	0,5000	0,0166	0,4778	0,4889	0,5000	0,5111	0,5222
	0,4997	0,0159	0,4778	0,4889	0,5000	0,5111	0,5222
	0,5002	0,0166	0,4778	0,4889	0,5000	0,5111	0,5222
	0,4994	0,0151	0,4778	0,4889	0,5000	0,5111	0,5167
	0,5000	0,0170	0,4778	0,4889	0,5000	0,5111	0,5222
	0,4992	0,0146	0,4778	0,4889	0,5000	0,5111	0,5167
	0,5012	0,0181	0,4778	0,4889	0,5000	0,5111	0,5222
	0,4982	0,0144	0,4778	0,4889	0,5000	0,5056	0,5167
	0,4998	0,0158	0,4778	0,4889	0,5000	0,5111	0,5222
	0,4990	0,0155	0,4778	0,4889	0,5000	0,5111	0,5167
	0,5000	0,0165	0,4778	0,4889	0,5000	0,5111	0,5222
	0,4996	0,0168	0,4778	0,4889	0,5000	0,5111	0,5222
	0,4999	0,0166	0,4778	0,4889	0,5000	0,5111	0,5222
	0,4998	0,0165	0,4778	0,4889	0,5000	0,5111	0,5222
	0,4997	0,0160	0,4778	0,4889	0,5000	0,5111	0,5222
	0,5003	0,0180	0,4778	0,4889	0,5000	0,5111	0,5222
	0,5012	0,0179	0,4778	0,4889	0,5000	0,5111	0,5278
	0,5005	0,0188	0,4778	0,4889	0,5000	0,5111	0,5222
	0,4998	0,0160	0,4778	0,4889	0,5000	0,5111	0,5222
	0,4999	0,0157	0,4778	0,4889	0,5000	0,5111	0,5222
	0,5004	0,0155	0,4833	0,4889	0,5000	0,5111	0,5222
	0,5002	0,0162	0,4778	0,4889	0,5000	0,5111	0,5222
	0,5005	0,0172	0,4778	0,4889	0,5000	0,5111	0,5222
	0,5008	0,0170	0,4778	0,4889	0,5000	0,5111	0,5222
	0,5003	0,0169	0,4778	0,4889	0,5000	0,5111	0,5222
	0,4992	0,0152	0,4833	0,4889	0,5000	0,5111	0,5167
	0,5004	0,0172	0,4778	0,4889	0,5000	0,5111	0,5222
	0,5003	0,0174	0,4778	0,4889	0,5000	0,5111	0,5222
	0,4995	0,0161	0,4778	0,4889	0,5000	0,5111	0,5222
	0,4992	0,0149	0,4833	0,4889	0,5000	0,5111	0,5167
	0,4995	0,0156	0,4833	0,4889	0,5000	0,5111	0,5222
	0,4992	0,0160	0,4778	0,4889	0,5000	0,5111	0,5222
	0,5009	0,0181	0,4778	0,4889	0,5000	0,5111	0,5278
	0,4986	0,0145	0,4778	0,4889	0,5000	0,5056	0,5167
	0,5010	0,0190	0,4778	0,4889	0,5000	0,5111	0,5278
	0,5003	0,0165	0,4778	0,4889	0,5000	0,5111	0,5222
	0,4997	0,0161	0,4778	0,4889	0,5000	0,5111	0,5222
	0,4996	0,0165	0,4778	0,4889	0,5000	0,5111	0,5222
	0,4999	0,0166	0,4778	0,4889	0,5000	0,5111	0,5222
	0,4993	0,0151	0,4778	0,4889	0,5000	0,5111	0,5167
	0,5007	0,0175	0,4778	0,4889	0,5000	0,5111	0,5222
	0,5001	0,0167	0,4778	0,4889	0,5000	0,5111	0,5222
	0,5013	0,0173	0,4778	0,4889	0,5000	0,5111	0,5222
	0,4988	0,0151	0,4778	0,4889	0,5000	0,5111	0,5167
	0,5004	0,0171	0,4778	0,4889	0,5000	0,5111	0,5222
	0,5001	0,0165	0,4778	0,4889	0,5000	0,5111	0,5222
	0,5007	0,0166	0,4778	0,4889	0,5000	0,5111	0,5222
	0,4995	0,0158	0,4778	0,4889	0,5000	0,5111	0,5222
	0,5002	0,0163	0,4778	0,4889	0,5000	0,5111	0,5222
	0,4999	0,0156	0,4778	0,4889	0,5000	0,5111	0,5222
	0,4996	0,0162	0,4778	0,4889	0,5000	0,5111	0,5222
	0,4990	0,0153	0,4778	0,4889	0,5000	0,5111	0,5167
	0,5000	0,0153	0,4833	0,4889	0,5000	0,5111	0,5167
	0,5002	0,0176	0,4778	0,4889	0,5000	0,5111	0,5222
	0,4999	0,0156	0,4833	0,4889	0,5000	0,5111	0,5222
	0,5010	0,0168	0,4778	0,4889	0,5000	0,5111	0,5222
	0,4993	0,0146	0,4833	0,4889	0,5000	0,5056	0,5167
	0,5003	0,0184	0,4778	0,4889	0,5000	0,5167	0,5222
	0,4997	0,0169	0,4778	0,4889	0,5000	0,5111	0,5222
	0,4995	0,0153	0,4778	0,4889	0,5000	0,5056	0,5167
	0,4998	0,0172	0,4778	0,4889	0,5000	0,5111	0,5222
	0,4997	0,0156	0,4778	0,4889	0,5000	0,5111	0,5222
	0,5002	0,0175	0,4778	0,4889	0,5000	0,5111	0,5222
	0,5006	0,0178	0,4778	0,4889	0,5000	0,5111	0,5222
	0,5003	0,0178	0,4778	0,4889	0,5000	0,5111	0,5222
	0,4993	0,0157	0,4778	0,4889	0,5000	0,5111	0,5222
	0,4999	0,0174	0,4778	0,4889	0,5000	0,5111	0,5278
	0,4999	0,0166	0,4778	0,4889	0,5000	0,5111	0,5222
	0,4998	0,0176	0,4778	0,4889	0,5000	0,5111	0,5222
	0,4986	0,0148	0,4778	0,4889	0,5000	0,5111	0,5167
	0,4992	0,0155	0,4778	0,4889	0,5000	0,5111	0,5222
	0,4993	0,0150	0,4778	0,4889	0,5000	0,5111	0,5222
	0,4985	0,0145	0,4778	0,4889	0,5000	0,5056	0,5167
	0,4999	0,0155	0,4778	0,4889	0,5000	0,5111	0,5222
	0,4984	0,0146	0,4778	0,4889	0,5000	0,5056	0,5167
	0,5001	0,0168	0,4778	0,4889	0,5000	0,5111	0,5222
	0,5001	0,0172	0,4778	0,4889	0,5000	0,5111	0,5222
	0,4994	0,0148	0,4778	0,4889	0,5000	0,5111	0,5167
	0,5002	0,0167	0,4778	0,4889	0,5000	0,5111	0,5222
	0,5003	0,0162	0,4778	0,4889	0,5000	0,5111	0,5222
	0,5003	0,0165	0,4778	0,4889	0,5000	0,5111	0,5222
	0,4993	0,0161	0,4778	0,4889	0,5000	0,5111	0,5222
	0,4992	0,0164	0,4778	0,4889	0,5000	0,5111	0,5222
	0,5001	0,0166	0,4778	0,4889	0,5000	0,5111	0,5222
	0,5007	0,0174	0,4778	0,4889	0,5000	0,5111	0,5222
	0,4988	0,0146	0,4778	0,4889	0,5000	0,5111	0,5167
	0,5002	0,0170	0,4778	0,4889	0,5000	0,5111	0,5222
	0,5004	0,0175	0,4778	0,4889	0,5000	0,5111	0,5222
	0,4996	0,0163	0,4778	0,4889	0,5000	0,5111	0,5222
	0,4999	0,0167	0,4778	0,4889	0,5000	0,5111	0,5222
	0,5002	0,0161	0,4778	0,4889	0,5000	0,5111	0,5222
	0,4992	0,0153	0,4778	0,4889	0,5000	0,5111	0,5222
	0,5000	0,0173	0,4778	0,4889	0,5000	0,5111	0,5222
	0,5004	0,0168	0,4778	0,4889	0,5000	0,5111	0,5222
	0,4994	0,0153	0,4833	0,4889	0,5000	0,5111	0,5167
	0,5009	0,0181	0,4778	0,4889	0,5000	0,5111	0,5222
	0,5001	0,0165	0,4778	0,4889	0,5000	0,5111	0,5222
	0,5014	0,0176	0,4778	0,4889	0,5000	0,5111	0,5222
	0,5004	0,0176	0,4778	0,4889	0,5000	0,5111	0,5222
	0,4997	0,0159	0,4778	0,4889	0,5000	0,5111	0,5222
	0,4991	0,0147	0,4833	0,4889	0,5000	0,5056	0,5167
	0,5000	0,0167	0,4778	0,4889	0,5000	0,5111	0,5222
	0,5000	0,0162	0,4778	0,4889	0,5000	0,5111	0,5222
	0,4988	0,0146	0,4778	0,4889	0,5000	0,5111	0,5167
	0,5004	0,0170	0,4778	0,4889	0,5000	0,5111	0,5222
	0,5004	0,0176	0,4778	0,4889	0,5000	0,5111	0,5222
	0,5000	0,0167	0,4778	0,4889	0,5000	0,5111	0,5222
	0,4999	0,0154	0,4778	0,4889	0,5000	0,5111	0,5222
	0,5005	0,0177	0,4778	0,4889	0,5000	0,5111	0,5222
	0,5012	0,0186	0,4778	0,4889	0,5000	0,5111	0,5278
	0,4999	0,0150	0,4778	0,4889	0,5000	0,5111	0,5222
	0,5001	0,0169	0,4778	0,4889	0,5000	0,5111	0,5222
	0,5001	0,0159	0,4778	0,4889	0,5000	0,5111	0,5222
	0,5019	0,0183	0,4778	0,4889	0,5000	0,5111	0,5278
	0,4989	0,0161	0,4778	0,4889	0,5000	0,5111	0,5222
	0,4992	0,0159	0,4778	0,4889	0,5000	0,5111	0,5222
	0,4997	0,0160	0,4778	0,4889	0,5000	0,5111	0,5222
	0,4992	0,0173	0,4778	0,4889	0,5000	0,5111	0,5222
	0,4994	0,0150	0,4778	0,4889	0,5000	0,5111	0,5167
	0,5011	0,0176	0,4778	0,4889	0,5000	0,5111	0,5222
	0,4999	0,0163	0,4778	0,4889	0,5000	0,5111	0,5222
	0,4997	0,0170	0,4778	0,4889	0,5000	0,5111	0,5222
	0,4998	0,0155	0,4833	0,4889	0,5000	0,5111	0,5222
	0,5021	0,0183	0,4778	0,4889	0,5000	0,5167	0,5278
	0,4992	0,0154	0,4778	0,4889	0,5000	0,5111	0,5222
	0,4999	0,0165	0,4778	0,4889	0,5000	0,5111	0,5222
	0,5002	0,0171	0,4778	0,4889	0,5000	0,5111	0,5222
	0,4999	0,0162	0,4778	0,4889	0,5000	0,5111	0,5222
	0,5002	0,0164	0,4778	0,4889	0,5000	0,5111	0,5222
	0,4995	0,0162	0,4778	0,4889	0,5000	0,5111	0,5222
	0,4996	0,0155	0,4778	0,4889	0,5000	0,5111	0,5222
	0,4989	0,0157	0,4778	0,4889	0,5000	0,5111	0,5222
	0,4994	0,0152	0,4833	0,4889	0,5000	0,5111	0,5222
	0,5004	0,0179	0,4778	0,4889	0,5000	0,5111	0,5222
	0,4998	0,0162	0,4778	0,4889	0,5000	0,5111	0,5222
	0,4998	0,0161	0,4778	0,4889	0,5000	0,5111	0,5222
	0,4995	0,0156	0,4778	0,4889	0,5000	0,5111	0,5167
	0,4995	0,0166	0,4778	0,4889	0,5000	0,5111	0,5222
	0,5001	0,0163	0,4778	0,4889	0,5000	0,5111	0,5222
	0,5002	0,0169	0,4778	0,4889	0,5000	0,5111	0,5222
	0,5001	0,0184	0,4778	0,4889	0,5000	0,5111	0,5222
	0,4994	0,0152	0,4778	0,4889	0,5000	0,5111	0,5167
	0,4991	0,0166	0,4778	0,4889	0,5000	0,5111	0,5222
	0,4988	0,0162	0,4778	0,4889	0,5000	0,5111	0,5167
	0,5006	0,0172	0,4778	0,4889	0,5000	0,5111	0,5222
	0,4997	0,0160	0,4778	0,4889	0,5000	0,5111	0,5222
	0,5000	0,0150	0,4833	0,4889	0,5000	0,5111	0,5167
	0,4999	0,0163	0,4778	0,4889	0,5000	0,5111	0,5222
	0,5002	0,0149	0,4833	0,4889	0,5000	0,5111	0,5167
	0,4996	0,0162	0,4778	0,4889	0,5000	0,5111	0,5222
	0,5007	0,0187	0,4778	0,4889	0,5000	0,5111	0,5222
	0,4990	0,0154	0,4778	0,4889	0,5000	0,5111	0,5167
	0,4996	0,0160	0,4778	0,4889	0,5000	0,5111	0,5222
	0,5002	0,0179	0,4778	0,4889	0,5000	0,5111	0,5278
	0,4997	0,0162	0,4778	0,4889	0,5000	0,5111	0,5222
	0,4992	0,0151	0,4778	0,4889	0,5000	0,5111	0,5222
	0,4994	0,0162	0,4778	0,4889	0,5000	0,5111	0,5222
	0,5001	0,0158	0,4778	0,4889	0,5000	0,5111	0,5222
	0,5007	0,0168	0,4778	0,4889	0,5000	0,5111	0,5222
	0,5002	0,0168	0,4778	0,4889	0,5000	0,5111	0,5222
	0,5007	0,0168	0,4778	0,4889	0,5000	0,5111	0,5222
	0,5002	0,0171	0,4778	0,4889	0,5000	0,5111	0,5222
	0,5004	0,0172	0,4778	0,4889	0,5000	0,5111	0,5222
	0,4997	0,0158	0,4778	0,4889	0,5000	0,5111	0,5222
	0,5007	0,0175	0,4778	0,4889	0,5000	0,5111	0,5222
	0,5001	0,0165	0,4778	0,4889	0,5000	0,5111	0,5222
	0,5012	0,0189	0,4778	0,4889	0,5000	0,5167	0,5222
	0,4998	0,0175	0,4778	0,4889	0,5000	0,5111	0,5222
	0,4993	0,0163	0,4778	0,4889	0,5000	0,5111	0,5222
	0,5003	0,0179	0,4778	0,4889	0,5000	0,5111	0,5222
	0,5006	0,0167	0,4778	0,4889	0,5000	0,5111	0,5222
	0,4985	0,0146	0,4833	0,4889	0,5000	0,5111	0,5167
	0,5002	0,0170	0,4778	0,4889	0,5000	0,5111	0,5222
	0,4997	0,0167	0,4778	0,4889	0,5000	0,5111	0,5222
	0,5003	0,0170	0,4778	0,4889	0,5000	0,5111	0,5222
	0,5008	0,0164	0,4778	0,4889	0,5000	0,5111	0,5222
	0,4993	0,0154	0,4778	0,4889	0,5000	0,5111	0,5222
	0,4991	0,0146	0,4778	0,4889	0,5000	0,5111	0,5167
	0,5001	0,0169	0,4778	0,4889	0,5000	0,5111	0,5222
	0,4998	0,0174	0,4778	0,4889	0,5000	0,5111	0,5222
	0,5009	0,0166	0,4778	0,4889	0,5000	0,5111	0,5222
	0,4982	0,0147	0,4778	0,4889	0,5000	0,5056	0,5167
	0,4991	0,0161	0,4778	0,4889	0,5000	0,5056	0,5222
	0,5000	0,0162	0,4778	0,4889	0,5000	0,5111	0,5222
	0,5000	0,0164	0,4778	0,4889	0,5000	0,5111	0,5222
	0,5001	0,0172	0,4778	0,4889	0,5000	0,5111	0,5222
	0,5000	0,0157	0,4833	0,4889	0,5000	0,5111	0,5222
	0,4996	0,0167	0,4778	0,4889	0,5000	0,5111	0,5222
	0,4990	0,0149	0,4833	0,4889	0,5000	0,5111	0,5167
	0,4995	0,0155	0,4778	0,4889	0,5000	0,5111	0,5222
	0,5003	0,0165	0,4778	0,4889	0,5000	0,5111	0,5222
	0,5001	0,0183	0,4778	0,4889	0,5000	0,5111	0,5222
	0,4989	0,0155	0,4778	0,4889	0,5000	0,5056	0,5222
	0,4985	0,0138	0,4833	0,4889	0,5000	0,5056	0,5167
	0,4992	0,0153	0,4778	0,4889	0,5000	0,5111	0,5167
	0,5004	0,0181	0,4778	0,4889	0,5000	0,5111	0,5222
	0,4999	0,0162	0,4778	0,4889	0,5000	0,5111	0,5222
	0,4988	0,0151	0,4778	0,4889	0,5000	0,5111	0,5167
	0,4999	0,0163	0,4778	0,4889	0,5000	0,5111	0,5222
	0,5004	0,0177	0,4778	0,4889	0,5000	0,5111	0,5222
	0,4999	0,0163	0,4778	0,4889	0,5000	0,5111	0,5222
	0,5010	0,0181	0,4778	0,4889	0,5000	0,5111	0,5222
	0,4995	0,0165	0,4778	0,4889	0,5000	0,5111	0,5222
	0,5004	0,0168	0,4778	0,4889	0,5000	0,5111	0,5222
	0,4999	0,0158	0,4778	0,4889	0,5000	0,5111	0,5167
	0,4991	0,0159	0,4778	0,4889	0,5000	0,5111	0,5222
	0,4992	0,0162	0,4778	0,4889	0,5000	0,5111	0,5222
	0,4997	0,0161	0,4778	0,4889	0,5000	0,5111	0,5167
	0,5000	0,0163	0,4778	0,4889	0,5000	0,5111	0,5222
	0,4996	0,0157	0,4778	0,4889	0,5000	0,5111	0,5222
	0,4990	0,0160	0,4778	0,4889	0,5000	0,5111	0,5222
	0,4998	0,0165	0,4778	0,4889	0,5000	0,5111	0,5222
	0,5001	0,0167	0,4778	0,4889	0,5000	0,5111	0,5222
	0,5006	0,0175	0,4778	0,4889	0,5000	0,5111	0,5222
	0,4998	0,0167	0,4778	0,4889	0,5000	0,5111	0,5222
	0,4992	0,0155	0,4778	0,4889	0,5000	0,5111	0,5222
	0,4993	0,0164	0,4778	0,4889	0,5000	0,5111	0,5167
	0,5003	0,0178	0,4778	0,4889	0,5000	0,5111	0,5278
	0,5008	0,0179	0,4778	0,4889	0,5000	0,5111	0,5222
	0,5003	0,0176	0,4778	0,4889	0,5000	0,5111	0,5222
	0,4996	0,0180	0,4778	0,4889	0,5000	0,5111	0,5222
	0,5003	0,0179	0,4778	0,4889	0,5000	0,5111	0,5222
	0,5002	0,0181	0,4778	0,4889	0,5000	0,5111	0,5222
	0,4998	0,0159	0,4778	0,4889	0,5000	0,5111	0,5222
	0,5006	0,0164	0,4778	0,4889	0,5000	0,5111	0,5222
	0,5009	0,0180	0,4778	0,4889	0,5000	0,5111	0,5222
	0,5007	0,0181	0,4778	0,4889	0,5000	0,5111	0,5222
	0,5006	0,0171	0,4778	0,4889	0,5000	0,5111	0,5222
	0,4997	0,0154	0,4778	0,4889	0,5000	0,5111	0,5222
	0,4990	0,0163	0,4778	0,4889	0,5000	0,5111	0,5222
	0,5000	0,0167	0,4778	0,4889	0,5000	0,5111	0,5222
	0,4992	0,0148	0,4833	0,4889	0,5000	0,5111	0,5167
	0,4995	0,0152	0,4778	0,4889	0,5000	0,5111	0,5222
	0,5000	0,0155	0,4833	0,4889	0,5000	0,5111	0,5222
	0,4994	0,0154	0,4833	0,4889	0,5000	0,5111	0,5222
