	0,5547	0,0670	0,4944	0,5111	0,5389	0,5778	0,6389
	0,5895	0,0880	0,5000	0,5333	0,5778	0,6167	0,6667
	0,5871	0,0936	0,5000	0,5278	0,5667	0,6056	0,7278
	0,5789	0,0839	0,4889	0,5333	0,5667	0,6000	0,6556
	0,5619	0,0719	0,4944	0,5167	0,5444	0,5833	0,6556
	0,5940	0,0917	0,4944	0,5333	0,5722	0,6278	0,7056
	0,5490	0,0653	0,4889	0,5056	0,5333	0,5667	0,6278
	0,5691	0,0803	0,4889	0,5111	0,5500	0,6056	0,6611
	0,5186	0,0376	0,4778	0,4944	0,5111	0,5333	0,5611
	0,5309	0,0591	0,4778	0,4944	0,5167	0,5444	0,5778
	0,5170	0,0349	0,4833	0,4944	0,5111	0,5333	0,5611
	0,5311	0,0491	0,4889	0,5000	0,5222	0,5444	0,5778
	0,5402	0,0668	0,4833	0,5000	0,5278	0,5500	0,6000
	0,5296	0,0480	0,4833	0,5000	0,5222	0,5444	0,5722
	0,5343	0,0746	0,4833	0,4944	0,5167	0,5389	0,6167
	0,5254	0,0494	0,4778	0,5000	0,5167	0,5389	0,5667
	0,5451	0,0637	0,4944	0,5056	0,5278	0,5556	0,6111
	0,5516	0,0678	0,4889	0,5111	0,5389	0,5667	0,6167
	0,5471	0,0729	0,4833	0,5056	0,5333	0,5611	0,6167
	0,5394	0,0675	0,4833	0,5000	0,5222	0,5500	0,6222
	0,5360	0,0645	0,4778	0,5000	0,5222	0,5444	0,6056
	0,5713	0,0766	0,4944	0,5167	0,5556	0,6056	0,6722
	0,6071	0,0953	0,5056	0,5389	0,5833	0,6444	0,7444
	0,5903	0,0878	0,5000	0,5333	0,5722	0,6222	0,7000
	0,5864	0,0890	0,5000	0,5278	0,5667	0,6111	0,7000
	0,5675	0,0790	0,4944	0,5167	0,5500	0,5833	0,6667
	0,5673	0,0792	0,5000	0,5222	0,5500	0,5833	0,6667
	0,5680	0,0822	0,4944	0,5167	0,5500	0,5833	0,6944
	0,5744	0,1015	0,4889	0,5111	0,5444	0,5889	0,7278
	0,5641	0,0895	0,4944	0,5167	0,5389	0,5778	0,6611
	0,5630	0,0797	0,4889	0,5111	0,5444	0,5889	0,6611
	0,5618	0,0853	0,4889	0,5111	0,5389	0,5722	0,6778
	0,5554	0,0733	0,4944	0,5111	0,5389	0,5722	0,6444
	0,5587	0,0770	0,4889	0,5111	0,5389	0,5778	0,6611
	0,5660	0,0971	0,4889	0,5111	0,5389	0,5722	0,7000
	0,5535	0,0724	0,4889	0,5111	0,5333	0,5611	0,6500
	0,5610	0,0926	0,4889	0,5111	0,5333	0,5611	0,7167
	0,5547	0,0774	0,4889	0,5111	0,5389	0,5667	0,6444
	0,5660	0,0881	0,4944	0,5111	0,5389	0,5889	0,6778
	0,5630	0,0969	0,4889	0,5111	0,5333	0,5667	0,6889
	0,5623	0,0900	0,4889	0,5111	0,5389	0,5722	0,6833
	0,5587	0,0898	0,4889	0,5111	0,5333	0,5667	0,6611
	0,5573	0,0830	0,4889	0,5111	0,5333	0,5667	0,6778
	0,5579	0,0832	0,4889	0,5056	0,5389	0,5722	0,6611
	0,5627	0,0932	0,4944	0,5111	0,5389	0,5722	0,6556
	0,5592	0,0926	0,4889	0,5111	0,5278	0,5611	0,6889
	0,5616	0,0853	0,4833	0,5056	0,5389	0,5833	0,6500
	0,5562	0,0851	0,4889	0,5111	0,5333	0,5556	0,6778
	0,5573	0,0840	0,4889	0,5111	0,5333	0,5778	0,6389
	0,5671	0,0975	0,4833	0,5056	0,5389	0,5722	0,7333
	0,5647	0,0914	0,4889	0,5167	0,5389	0,5722	0,6778
	0,5587	0,0846	0,4889	0,5111	0,5389	0,5722	0,6389
	0,5596	0,0847	0,4833	0,5111	0,5389	0,5722	0,7000
	0,5523	0,0782	0,4889	0,5056	0,5333	0,5611	0,6333
	0,5668	0,1064	0,4889	0,5056	0,5333	0,5722	0,7278
	0,5545	0,0817	0,4889	0,5056	0,5333	0,5667	0,6556
	0,5565	0,0802	0,4889	0,5056	0,5333	0,5667	0,6556
	0,5644	0,0988	0,4889	0,5111	0,5389	0,5667	0,6778
	0,5743	0,1104	0,4889	0,5056	0,5389	0,5778	0,7556
	0,5484	0,0641	0,4833	0,5111	0,5333	0,5667	0,6111
	0,5597	0,0842	0,4889	0,5111	0,5389	0,5722	0,6556
	0,5711	0,1110	0,4833	0,5056	0,5389	0,5722	0,7444
	0,5573	0,0898	0,4889	0,5056	0,5333	0,5667	0,6667
	0,5521	0,0718	0,4889	0,5111	0,5333	0,5667	0,6333
	0,5636	0,0916	0,4889	0,5111	0,5333	0,5778	0,7000
	0,5606	0,0886	0,4889	0,5111	0,5333	0,5722	0,7000
	0,5590	0,0842	0,4889	0,5111	0,5333	0,5667	0,6833
	0,5639	0,0969	0,4889	0,5111	0,5333	0,5722	0,7000
	0,5586	0,0882	0,4889	0,5056	0,5333	0,5667	0,6944
	0,5601	0,0886	0,4889	0,5111	0,5389	0,5667	0,6889
	0,5522	0,0769	0,4833	0,5056	0,5333	0,5667	0,6278
	0,5553	0,0784	0,4889	0,5111	0,5333	0,5611	0,6778
	0,5547	0,0822	0,4944	0,5111	0,5278	0,5556	0,7000
	0,5587	0,0867	0,4889	0,5111	0,5333	0,5667	0,6722
	0,5673	0,1011	0,4889	0,5111	0,5389	0,5722	0,7056
	0,5503	0,0706	0,4889	0,5111	0,5333	0,5667	0,6222
	0,5629	0,0921	0,4833	0,5111	0,5389	0,5667	0,6944
	0,5629	0,0958	0,4889	0,5056	0,5333	0,5722	0,7056
	0,5656	0,0941	0,4833	0,5111	0,5389	0,5778	0,7000
	0,5608	0,0843	0,4833	0,5111	0,5389	0,5778	0,6833
	0,5552	0,0799	0,4889	0,5056	0,5333	0,5667	0,6444
	0,5645	0,0912	0,4833	0,5111	0,5389	0,5778	0,6889
	0,5567	0,0856	0,4889	0,5056	0,5333	0,5667	0,6333
	0,5571	0,0857	0,4889	0,5056	0,5333	0,5667	0,6778
	0,5607	0,0880	0,4889	0,5056	0,5333	0,5778	0,6778
